-0.259714841522204	-0.187638827301525	-0.00357834763806407
-0.0675441136062956	0.0180983906942829	0
0.174109054845775	-0.0529232011416329	-0.0601306422295787
-0.214140600197258	0.0573788008895712	0
-0.200825427111313	0.168512541820122	-0.324919696232906
-0.200825427111313	0.168512541820122	0.324919696232906
-0.346884137052119	0.242890887649264	0.212556561670022
-0.305171839323646	-0.0213396938188398	0.0349207694917477
-0.0884912405860042	0.105459753881489	-0.305730681458660
-0.0963344799921366	0.0523053549834356	0.296213494962080
-0.259714841522204	-0.187638827301525	-0.00357834763806407
-0.0675441136062956	0.0180983906942829	0
0.174109054845775	-0.0529232011416329	-0.0601306422295787
-0.214140600197258	0.0573788008895712	-1.23951371389241e-16
-0.200825427111313	0.168512541820122	-0.324919696232906
-0.200825427111313	0.168512541820122	0.324919696232906
-0.346884137052119	0.242890887649264	0.212556561670022
-0.305171839323646	-0.0213396938188398	0.0349207694917477
-0.0884912405860042	0.105459753881489	-0.305730681458660
-0.0963344799921366	0.0523053549834356	0.296213494962080
-0.259714841522204	-0.187638827301525	-0.00357834763806407
-0.0675441136062956	0.0180983906942829	0
0.174109054845775	-0.0529232011416329	-0.0601306422295787
-0.214140600197258	0.0573788008895712	0
-0.200825427111313	0.168512541820122	-0.324919696232906
-0.200825427111313	0.168512541820122	0.324919696232906
-0.346884137052119	0.242890887649264	0.212556561670022
-0.305171839323646	-0.0213396938188398	0.0349207694917477
-0.0884912405860042	0.105459753881489	-0.305730681458660
-0.0963344799921366	0.0523053549834356	0.296213494962080
-0.259714841522204	-0.187638827301525	-0.00357834763806407
-0.0675441136062956	0.0180983906942829	0
0.174109054845775	-0.0529232011416329	-0.0601306422295787
-0.214140600197258	0.0573788008895712	-1.23951371389241e-16
-0.200825427111313	0.168512541820122	-0.324919696232906
-0.200825427111313	0.168512541820122	0.324919696232906
-0.346884137052119	0.242890887649264	0.212556561670022
-0.305171839323646	-0.0213396938188398	0.0349207694917477
-0.0884912405860042	0.105459753881489	-0.305730681458660
-0.0963344799921366	0.0523053549834356	0.296213494962080
-0.259714841522204	-0.187638827301525	-0.00357834763806407
-0.0675441136062956	0.0180983906942829	0
0.174109054845775	-0.0529232011416329	-0.0601306422295787
-0.214140600197258	0.0573788008895712	0
-0.200825427111313	0.168512541820122	-0.324919696232906
-0.200825427111313	0.168512541820122	0.324919696232906
-0.346884137052119	0.242890887649264	0.212556561670022
-0.305171839323646	-0.0213396938188398	0.0349207694917477
-0.0884912405860042	0.105459753881489	-0.305730681458660
-0.0963344799921366	0.0523053549834356	0.296213494962080
-0.259714841522204	-0.187638827301525	-0.00357834763806407
-0.0675441136062956	0.0180983906942829	0
0.174109054845775	-0.0529232011416329	-0.0601306422295787
-0.214140600197258	0.0573788008895712	0
-0.200825427111313	0.168512541820122	-0.324919696232906
-0.200825427111313	0.168512541820122	0.324919696232906
-0.346884137052119	0.242890887649264	0.212556561670022
-0.305171839323646	-0.0213396938188398	0.0349207694917477
-0.0884912405860042	0.105459753881489	-0.305730681458660
-0.0963344799921366	0.0523053549834356	0.296213494962080
-0.259714841522204	-0.187638827301525	-0.00357834763806407
-0.0675441136062956	0.0180983906942829	0
0.174109054845775	-0.0529232011416329	-0.0601306422295787
-0.214140600197258	0.0573788008895712	0
-0.200825427111313	0.168512541820122	-0.324919696232906
-0.200825427111313	0.168512541820122	0.324919696232906
-0.346884137052119	0.242890887649264	0.212556561670022
-0.305171839323646	-0.0213396938188398	0.0349207694917477
-0.0884912405860042	0.105459753881489	-0.305730681458660
-0.0963344799921366	0.0523053549834356	0.296213494962080
-0.259714841522204	-0.187638827301525	-0.00357834763806407
-0.0675441136062956	0.0180983906942829	0
0.174109054845775	-0.0529232011416329	-0.0601306422295787
-0.214140600197258	0.0573788008895712	0
-0.200825427111313	0.168512541820122	-0.324919696232906
-0.200825427111313	0.168512541820122	0.324919696232906
-0.346884137052119	0.242890887649264	0.212556561670022
-0.305171839323646	-0.0213396938188398	0.0349207694917477
-0.0884912405860042	0.105459753881489	-0.305730681458660
-0.0963344799921366	0.0523053549834356	0.296213494962080
-0.259714841522204	-0.187638827301525	-0.00357834763806407
-0.0675441136062956	0.0180983906942829	0
0.174109054845775	-0.0529232011416329	-0.0601306422295787
-0.214140600197258	0.0573788008895712	0
-0.200825427111313	0.168512541820122	-0.324919696232906
-0.200825427111313	0.168512541820122	0.324919696232906
-0.346884137052119	0.242890887649264	0.212556561670022
-0.305171839323646	-0.0213396938188398	0.0349207694917477
-0.0884912405860042	0.105459753881489	-0.305730681458660
-0.0963344799921366	0.0523053549834356	0.296213494962080
-0.259714841522204	-0.187638827301525	-0.00357834763806407
-0.0675441136062956	0.0180983906942829	0
0.174109054845775	-0.0529232011416329	-0.0601306422295787
-0.214140600197258	0.0573788008895712	0
-0.200825427111313	0.168512541820122	-0.324919696232906
-0.200825427111313	0.168512541820122	0.324919696232906
-0.346884137052119	0.242890887649264	0.212556561670022
-0.305171839323646	-0.0213396938188398	0.0349207694917477
-0.0884912405860042	0.105459753881489	-0.305730681458660
-0.0963344799921366	0.0523053549834356	0.296213494962080
